0:
##.
.##
###

1:
..#
###
###

2:
#.#
###
#.#

3:
###
..#
###

4:
#..
##.
###

5:
##.
.##
..#

50x50: 46 40 42 34 52 41
45x49: 37 37 51 45 32 38
46x44: 54 42 59 43 65 50
37x47: 50 45 48 37 42 46
41x46: 29 32 34 31 29 39
46x42: 26 46 39 36 32 31
44x48: 39 36 38 35 32 44
37x48: 43 29 33 32 23 32
48x49: 55 58 63 70 57 58
50x41: 34 38 36 33 35 32
44x45: 37 30 34 37 34 38
36x44: 22 20 20 31 34 41
39x38: 26 37 40 43 38 47
37x42: 40 33 40 43 44 40
35x36: 32 34 39 31 35 20
49x50: 35 37 40 48 49 47
38x40: 40 30 41 41 43 40
40x44: 32 31 20 31 34 34
46x48: 56 62 44 69 52 56
43x39: 34 30 27 31 29 30
40x36: 26 25 24 30 21 29
38x42: 36 46 44 36 33 53
50x47: 50 61 60 68 60 64
49x48: 64 65 49 60 64 61
35x49: 32 32 32 25 27 28
47x44: 57 55 45 54 57 50
39x45: 41 52 41 43 43 52
40x47: 36 31 37 36 30 25
37x41: 29 25 18 34 34 15
50x39: 31 34 27 33 50 32
41x45: 37 26 38 37 22 34
44x44: 37 34 36 31 30 27
44x37: 24 31 34 25 30 23
47x37: 45 42 40 46 49 47
43x48: 34 38 33 42 40 36
47x47: 60 60 68 47 51 52
41x39: 31 27 32 22 35 22
48x38: 55 47 47 39 49 43
41x40: 55 45 44 39 25 42
43x38: 42 36 56 28 42 50
39x35: 33 35 37 37 39 28
36x49: 48 43 38 46 50 48
36x44: 40 30 23 24 21 30
37x50: 35 35 30 33 29 29
39x43: 44 56 43 43 33 36
41x46: 35 40 32 28 31 29
45x48: 33 43 49 35 40 39
47x37: 26 27 27 40 29 30
43x42: 34 30 32 33 40 26
42x44: 45 47 54 49 39 50
43x44: 63 40 39 50 51 49
48x38: 33 27 34 24 33 40
46x37: 44 41 48 41 47 41
40x47: 47 40 48 48 51 59
39x37: 39 43 31 35 38 36
41x39: 35 31 30 21 16 35
40x45: 29 34 30 36 29 37
42x39: 31 28 35 31 32 25
40x36: 28 40 47 31 40 36
35x45: 38 42 39 42 41 41
37x47: 33 23 40 24 28 32
39x43: 25 34 32 24 33 33
48x43: 45 29 41 32 34 42
50x49: 58 55 67 59 69 73
37x37: 45 36 29 34 33 33
37x39: 33 22 27 17 26 30
44x44: 39 53 59 48 55 43
48x38: 43 43 60 41 51 42
44x38: 24 36 30 27 23 27
47x37: 48 47 39 51 40 41
50x49: 56 62 76 55 68 60
49x45: 59 58 60 50 49 65
44x40: 51 49 42 33 47 51
45x36: 34 34 26 24 29 33
38x40: 23 23 20 36 26 27
47x47: 56 57 54 57 62 54
47x36: 29 33 31 31 29 26
39x44: 32 27 32 25 33 32
39x35: 32 34 36 38 31 40
47x36: 31 23 30 41 30 25
49x47: 67 61 56 57 49 65
37x46: 41 37 48 44 50 43
46x36: 40 46 46 34 42 49
43x47: 45 38 29 26 37 34
47x39: 28 34 42 33 23 35
46x45: 32 49 38 44 36 26
50x48: 66 57 61 60 64 62
43x48: 60 56 54 54 39 53
37x47: 34 30 24 33 25 33
42x43: 34 25 38 36 27 36
47x43: 41 37 34 32 35 30
35x38: 20 25 19 25 23 20
36x44: 56 43 36 42 28 36
40x42: 29 27 28 35 23 40
42x46: 43 46 51 54 57 47
46x36: 43 47 50 40 44 27
42x42: 46 39 53 44 41 49
40x46: 28 24 33 29 36 45
35x36: 32 38 29 27 35 34
40x40: 35 18 21 35 34 26
35x49: 40 40 45 47 47 46
35x50: 43 57 32 39 45 57
35x36: 33 31 37 27 31 36
45x35: 24 17 30 29 32 33
42x44: 35 42 33 34 22 29
43x35: 26 43 40 40 43 41
43x36: 20 30 38 30 29 21
45x41: 48 45 41 48 48 57
45x35: 30 40 48 47 31 47
45x40: 42 49 47 42 52 46
46x35: 28 30 35 22 22 28
50x38: 55 48 50 50 45 42
39x49: 27 36 50 26 31 38
43x50: 50 62 50 52 63 55
36x46: 46 49 43 44 34 36
45x48: 49 52 58 61 53 61
41x42: 43 43 47 41 51 40
44x35: 24 27 30 25 25 23
41x47: 45 42 58 43 48 65
36x42: 34 28 29 18 34 25
42x44: 28 35 29 34 31 38
42x44: 31 37 30 29 34 34
35x44: 38 51 42 31 32 43
36x45: 32 24 25 25 41 32
45x35: 37 46 39 36 40 46
38x38: 31 38 43 41 35 33
39x37: 25 27 30 23 19 32
39x49: 26 43 34 29 44 31
49x45: 42 40 40 43 39 35
42x47: 43 51 55 49 56 51
47x49: 56 77 53 47 55 69
41x37: 28 24 22 32 21 28
36x48: 41 44 46 59 34 39
42x45: 38 31 43 35 26 37
44x41: 27 26 25 37 34 33
41x38: 45 37 35 45 36 42
45x41: 30 35 35 32 37 26
49x50: 44 49 40 35 41 46
42x44: 48 42 50 54 41 49
42x35: 36 36 41 30 47 38
47x44: 62 50 44 58 51 53
42x36: 41 36 35 36 42 45
41x46: 21 36 33 31 35 38
43x50: 52 60 60 46 55 59
48x41: 61 47 42 54 51 47
38x39: 20 29 27 21 25 33
42x50: 30 32 48 47 39 27
45x41: 45 52 55 45 38 48
44x42: 53 43 41 46 54 49
42x38: 38 46 43 50 28 38
50x37: 27 34 35 36 32 27
36x47: 53 48 42 32 40 46
48x46: 47 41 39 41 32 40
46x39: 32 34 32 34 23 39
37x49: 42 53 52 46 43 41
42x49: 59 50 51 53 53 50
36x36: 20 22 26 27 30 19
49x47: 33 45 41 44 36 41
39x46: 49 41 41 47 50 50
49x47: 55 49 57 77 64 51
47x48: 41 46 31 48 37 36
50x39: 57 43 51 49 46 55
37x45: 48 47 40 46 39 33
43x38: 41 39 44 46 45 35
47x40: 48 38 55 55 35 60
44x36: 28 32 22 29 27 29
46x46: 41 37 36 36 40 35
43x48: 50 49 56 71 30 61
44x48: 58 30 29 34 34 39
40x42: 29 28 31 35 36 22
37x42: 34 46 36 38 42 45
40x45: 51 46 40 54 45 39
45x49: 36 47 36 44 36 40
50x50: 72 75 65 61 56 51
38x39: 29 18 30 21 35 23
38x49: 30 32 32 34 28 36
43x39: 48 49 34 35 47 47
50x40: 58 47 53 50 56 42
48x48: 44 43 56 40 32 40
45x50: 59 64 46 55 63 61
44x44: 29 36 30 36 31 34
42x36: 43 39 42 37 32 39
37x39: 28 18 30 29 21 30
42x48: 57 48 55 46 46 60
38x43: 33 31 32 25 19 28
35x46: 29 26 25 22 27 35
46x37: 32 31 35 25 31 26
43x45: 46 55 47 45 47 61
38x47: 31 34 32 18 38 27
38x41: 42 42 49 30 38 38
49x41: 42 53 53 52 61 49
41x38: 51 40 35 33 41 40
48x48: 41 43 40 47 45 40
39x44: 26 31 33 32 22 38
46x36: 26 33 32 24 34 31
44x37: 30 19 32 25 34 27
43x37: 27 23 38 25 28 27
44x39: 40 28 22 27 39 25
47x39: 30 38 28 30 40 29
44x45: 36 33 40 31 31 39
50x39: 42 31 38 36 36 25
35x48: 25 36 35 23 19 37
37x45: 48 48 39 35 43 44
43x41: 38 46 52 40 49 48
42x36: 26 45 40 31 55 38
42x46: 48 49 40 56 57 48
50x39: 31 23 42 40 38 33
42x35: 30 22 22 25 26 29
49x39: 45 47 41 59 50 54
44x38: 30 31 23 25 30 28
45x39: 41 28 35 21 31 38
40x42: 49 37 37 52 43 40
37x44: 49 38 49 35 43 35
45x46: 33 32 32 47 34 47
38x38: 19 21 26 30 19 29
46x37: 48 32 39 50 46 49
42x44: 49 55 54 38 42 45
49x46: 34 48 43 42 33 40
45x44: 63 48 50 51 34 59
47x39: 44 49 50 48 44 47
50x40: 62 51 54 48 47 43
48x37: 45 39 45 56 47 40
45x38: 29 33 32 32 24 30
36x46: 30 43 29 29 21 27
36x49: 31 36 30 38 30 27
48x50: 57 52 66 63 60 75
36x42: 40 40 36 42 42 31
48x46: 40 35 34 34 54 42
38x42: 24 23 29 22 38 31
42x40: 34 22 32 31 37 26
49x46: 67 61 48 60 60 49
40x42: 31 32 33 27 22 37
47x43: 60 50 55 43 47 57
46x43: 47 52 48 54 53 51
35x35: 17 19 34 13 18 20
40x40: 27 29 29 27 31 25
43x50: 65 63 52 42 59 49
49x40: 31 34 30 44 31 38
42x44: 27 36 28 36 37 31
39x49: 52 44 53 54 46 43
40x41: 29 35 25 29 31 20
47x44: 42 33 26 35 36 37
48x39: 48 46 45 66 38 42
49x48: 43 34 44 38 48 49
43x35: 34 38 42 43 37 37
46x40: 30 31 41 32 27 33
49x35: 27 24 39 36 23 27
42x40: 46 50 37 50 37 36
36x43: 43 37 44 33 42 40
45x36: 46 44 45 37 39 37
50x39: 44 36 18 39 33 37
40x48: 48 48 57 49 54 37
39x46: 52 50 49 42 41 40
36x46: 36 47 44 39 46 44
49x44: 51 57 53 57 58 57
37x37: 47 32 34 26 39 33
47x49: 44 38 35 36 41 46
35x47: 34 31 22 31 16 30
35x38: 35 31 36 25 38 43
46x35: 30 24 26 29 28 27
36x35: 27 18 26 15 22 24
38x49: 54 47 40 46 59 40
43x46: 28 30 44 40 38 30
40x36: 39 31 28 49 39 36
41x40: 26 30 26 30 32 24
43x50: 51 59 63 60 57 36
42x36: 29 33 26 26 25 29
46x35: 20 33 28 33 25 25
35x48: 44 47 48 38 48 31
40x43: 52 47 35 45 43 42
35x38: 23 16 26 17 27 22
49x43: 38 40 31 37 36 42
38x35: 20 29 23 23 22 15
38x47: 33 32 27 30 31 26
36x41: 41 30 38 33 43 45
45x41: 37 28 27 33 29 41
38x45: 31 35 25 29 28 31
44x40: 54 35 49 44 44 45
46x43: 41 27 33 49 31 29
44x37: 23 29 35 22 23 36
43x47: 37 34 32 30 37 39
35x43: 42 33 42 43 31 40
46x36: 55 36 38 40 45 41
42x38: 26 18 25 27 36 35
36x50: 59 40 40 45 39 56
49x38: 59 47 50 41 46 42
49x47: 55 67 48 60 59 68
45x40: 52 48 49 42 39 46
36x46: 34 23 27 30 34 31
45x37: 42 53 39 42 44 34
41x48: 47 47 66 44 51 47
43x41: 37 31 26 31 24 33
36x45: 43 37 55 38 35 40
35x48: 32 42 40 53 49 44
48x37: 48 47 50 46 40 40
46x37: 37 44 43 43 45 53
48x41: 51 43 44 63 48 55
50x41: 47 53 57 53 48 59
43x39: 43 37 49 45 37 48
39x37: 38 39 29 49 30 36
38x46: 33 28 28 32 22 37
43x37: 22 26 25 33 23 39
37x38: 37 35 36 44 28 35
43x47: 55 60 55 39 51 51
44x39: 52 31 49 57 36 36
37x40: 24 34 23 18 25 31
42x41: 29 30 28 31 29 35
49x39: 33 46 50 61 57 48
38x42: 31 27 34 24 26 26
41x42: 34 35 23 27 34 28
38x39: 33 42 33 40 48 32
46x42: 34 31 29 32 40 44
48x44: 44 58 66 45 58 55
40x37: 38 48 32 34 33 44
46x45: 57 49 52 60 46 54
41x41: 44 44 46 43 40 41
41x35: 25 31 17 22 19 28
42x43: 50 48 53 38 41 48
50x47: 34 38 33 36 38 61
41x47: 35 33 21 36 32 37
39x49: 52 45 53 43 53 49
46x35: 37 55 38 36 44 37
38x41: 23 27 30 28 18 29
50x35: 52 42 38 38 56 45
36x43: 50 31 42 30 48 38
40x50: 43 42 34 27 34 28
42x49: 40 42 27 39 42 34
48x42: 52 45 53 57 54 49
36x42: 25 33 35 29 22 23
46x44: 29 38 41 33 41 28
49x41: 50 45 57 53 62 41
36x35: 25 18 13 18 33 25
38x46: 25 45 33 28 25 24
40x41: 35 53 33 51 39 41
47x39: 30 34 35 32 37 26
37x47: 28 33 34 22 38 25
39x43: 29 29 27 38 27 32
39x42: 33 30 27 33 29 29
43x44: 32 27 33 27 32 44
43x47: 30 31 40 33 40 36
38x43: 30 27 25 28 29 28
44x44: 37 33 32 27 34 33
47x42: 41 52 57 61 34 59
43x36: 35 28 30 33 18 23
47x44: 34 33 38 36 32 36
35x42: 28 23 20 32 19 31
42x39: 43 33 52 44 41 38
42x45: 29 41 32 35 36 37
38x41: 30 24 24 23 23 31
37x46: 39 34 57 36 57 40
37x49: 49 46 41 51 46 46
39x39: 23 40 29 24 23 30
40x35: 20 33 24 20 21 24
48x36: 37 26 33 23 37 35
46x48: 54 52 70 59 49 54
44x36: 39 42 36 41 40 48
38x42: 42 31 44 45 44 40
50x38: 26 27 34 26 41 38
43x43: 34 35 25 37 30 35
43x45: 60 44 55 53 39 44
40x35: 26 26 22 31 20 17
48x38: 24 38 26 35 30 39
40x40: 22 27 25 27 40 28
46x39: 37 37 37 22 37 25
36x39: 34 39 33 38 37 35
48x40: 49 49 44 51 55 48
48x42: 58 59 39 58 50 44
40x49: 24 36 37 29 39 42
50x43: 36 41 44 43 27 33
35x42: 22 31 27 25 23 25
43x39: 19 35 36 38 31 22
44x43: 36 35 34 35 25 31
37x36: 19 20 30 29 25 21
48x43: 36 38 34 36 46 33
49x42: 58 44 53 62 46 53
42x48: 49 35 31 32 41 35
39x49: 40 45 33 23 34 33
47x35: 36 24 25 25 30 25
46x48: 36 36 44 33 49 42
45x40: 25 34 40 27 41 27
46x47: 64 60 58 43 48 60
42x36: 36 27 23 35 26 21
49x50: 65 61 63 60 60 70
38x35: 29 25 32 50 34 35
40x38: 27 21 31 30 27 20
47x36: 43 44 38 41 52 44
44x41: 30 28 28 30 27 39
38x36: 22 19 25 34 19 25
44x38: 46 41 53 36 42 38
48x43: 39 28 46 39 41 31
35x48: 22 31 27 32 33 30
39x36: 43 33 33 39 40 26
48x47: 62 59 47 69 54 55
40x43: 32 36 23 27 23 40
45x48: 55 56 67 42 66 45
49x42: 37 49 30 33 39 36
46x47: 58 54 60 55 54 50
39x41: 33 24 24 23 35 30
35x41: 31 21 25 21 25 19
40x50: 59 50 47 42 66 44
35x49: 37 32 32 30 19 26
35x41: 40 26 36 42 34 45
38x48: 47 49 49 49 49 35
35x44: 42 26 17 27 25 17
41x38: 47 35 43 40 34 40
50x44: 61 66 60 50 47 52
35x38: 23 24 21 18 22 24
49x48: 54 70 71 64 46 53
42x41: 38 49 43 43 37 58
49x48: 52 69 63 50 52 81
44x44: 38 30 48 35 15 30
49x49: 38 32 39 43 46 58
50x48: 59 57 59 69 63 63
36x38: 36 31 33 40 35 36
41x48: 40 28 35 42 41 22
46x37: 38 39 54 37 44 53
39x38: 29 36 38 40 43 45
43x42: 37 24 30 34 43 27
45x35: 45 41 33 42 40 42
50x43: 38 45 36 27 40 37
48x40: 64 43 51 48 46 41
42x50: 42 38 38 36 28 41
37x50: 57 41 48 42 50 47
47x43: 55 59 45 48 54 50
49x39: 46 35 20 41 35 31
35x46: 27 25 29 18 30 36
37x46: 21 24 39 29 34 32
50x39: 34 27 37 38 39 32
39x36: 27 19 23 21 33 33
49x35: 25 35 32 29 26 29
38x42: 31 49 46 50 31 36
45x45: 41 41 30 34 40 39
44x45: 49 62 57 40 45 51
40x45: 57 39 65 46 29 36
47x40: 31 35 34 36 26 32
40x38: 27 20 30 20 30 29
47x39: 27 32 43 33 33 27
36x40: 40 32 39 38 40 32
44x47: 50 58 55 53 54 47
50x39: 49 55 47 50 46 54
48x44: 45 59 61 55 45 61
44x38: 37 42 38 51 42 49
45x48: 49 61 33 62 76 54
40x49: 32 47 31 38 32 28
48x39: 46 49 53 50 42 47
50x48: 57 76 56 62 51 68
44x40: 36 53 38 49 51 45
47x41: 33 28 35 28 31 40
44x45: 42 54 53 65 45 43
49x44: 57 56 52 57 53 57
46x50: 58 65 68 57 51 52
46x49: 69 67 51 48 55 56
48x42: 33 41 36 36 34 44
49x47: 39 38 36 45 41 40
48x43: 35 39 36 47 32 35
38x50: 41 31 31 23 33 32
40x45: 33 48 55 42 52 49
36x37: 18 29 34 17 20 25
45x44: 28 42 31 43 34 32
50x44: 48 55 56 68 52 60
41x43: 40 45 48 48 44 47
43x46: 42 40 29 29 30 40
35x39: 39 36 39 33 32 29
37x43: 34 50 48 39 41 30
41x41: 38 46 47 46 48 31
40x43: 36 48 43 54 49 32
46x41: 39 37 40 26 21 31
46x48: 58 47 61 67 60 44
37x45: 35 41 51 41 40 50
39x44: 32 31 27 33 29 30
37x47: 27 21 38 35 30 28
43x36: 32 29 30 30 18 28
35x40: 24 23 28 20 24 24
41x37: 44 27 47 41 35 39
45x37: 42 50 41 45 36 41
47x43: 57 55 47 52 47 53
40x41: 44 38 41 38 49 44
47x48: 42 35 37 47 38 41
37x42: 40 42 30 44 38 47
46x48: 62 53 56 52 64 53
40x41: 31 19 33 25 30 30
40x50: 47 53 54 59 46 47
45x36: 47 37 43 39 41 43
41x36: 27 24 26 27 33 19
39x50: 36 43 25 27 39 37
45x40: 54 44 46 49 41 41
50x48: 39 64 67 64 75 63
44x37: 43 48 43 43 30 42
43x50: 57 53 57 65 48 48
41x42: 31 42 20 28 30 31
40x49: 36 32 30 34 36 39
49x39: 35 31 41 29 34 37
36x39: 42 32 34 30 35 46
38x48: 33 27 36 46 24 25
41x50: 27 43 41 29 41 26
36x45: 38 40 39 40 44 52
47x45: 41 41 43 37 30 32
47x39: 32 32 27 35 29 40
38x45: 42 28 34 27 25 23
42x43: 37 54 51 46 43 47
38x44: 35 41 46 43 50 44
41x36: 36 25 19 27 25 23
41x35: 29 28 23 17 23 23
44x39: 39 53 45 44 31 53
45x45: 54 40 60 47 51 63
40x45: 41 45 60 24 48 65
38x47: 52 43 50 44 45 39
50x44: 52 58 57 62 54 55
45x45: 35 39 37 43 36 35
47x41: 43 55 50 50 48 51
46x41: 51 48 61 39 51 38
44x40: 24 30 25 39 28 35
40x47: 29 41 39 27 35 24
36x47: 26 34 38 22 35 25
37x48: 44 43 46 45 51 45
44x50: 60 57 54 60 54 52
44x36: 24 26 28 28 38 23
40x45: 41 44 53 50 40 49
48x40: 47 57 43 54 49 44
35x49: 28 17 29 37 31 34
36x45: 38 39 23 27 27 26
40x48: 47 55 44 48 60 41
47x42: 50 52 46 49 57 51
42x39: 24 24 29 37 33 35
37x35: 18 13 31 21 26 22
47x45: 20 36 45 41 45 38
49x49: 69 63 55 54 75 53
48x47: 58 66 61 42 59 63
36x37: 23 25 12 26 28 30
38x47: 40 29 25 33 34 19
36x43: 37 42 36 37 46 42
38x43: 26 36 31 18 36 21
40x45: 34 40 38 26 25 31
36x40: 36 41 37 40 35 31
45x44: 57 54 40 50 51 54
38x35: 21 21 19 19 28 23
50x35: 35 25 28 32 26 30
50x45: 57 46 53 66 73 52
50x48: 69 58 59 59 66 58
50x37: 34 27 32 30 41 28
50x49: 46 42 42 42 43 41
46x36: 29 36 27 24 32 31
45x43: 38 67 42 52 45 55
42x42: 49 44 50 41 44 43
48x39: 49 52 40 43 57 49
46x43: 27 37 45 30 32 39
39x38: 33 21 25 24 29 24
39x45: 32 36 29 31 34 32
46x45: 30 41 32 33 43 46
45x50: 68 61 51 56 51 59
40x38: 39 41 41 34 42 37
50x48: 40 24 49 41 46 55
44x49: 38 33 40 34 39 40
44x42: 46 44 51 54 50 37
47x48: 59 57 65 60 51 53
37x45: 28 28 28 32 23 41
45x48: 52 57 50 53 63 60
45x36: 33 20 38 27 27 34
36x44: 31 52 45 49 27 37
41x38: 39 31 45 38 53 34
45x48: 36 34 38 43 41 47
44x44: 49 38 53 44 61 57
43x49: 43 31 37 21 54 37
49x49: 52 64 49 76 65 65
36x39: 26 27 29 26 28 19
40x48: 51 44 43 38 61 65
46x35: 33 36 47 42 46 46
35x48: 38 25 31 22 24 35
44x44: 32 35 39 41 27 21
44x37: 19 32 25 31 32 28
46x35: 27 28 31 27 22 29
37x43: 21 35 30 23 29 30
36x45: 30 38 51 43 43 46
48x36: 37 28 32 35 28 31
45x44: 42 29 37 36 28 37
50x42: 52 48 51 56 52 68
45x46: 29 38 33 42 50 33
39x42: 37 29 31 25 32 27
37x50: 41 30 29 36 32 23
37x47: 56 34 44 45 43 46
46x50: 54 37 35 38 39 36
44x50: 43 34 39 41 27 39
35x50: 44 43 45 50 53 32
36x35: 37 34 30 32 31 29
49x48: 62 53 54 74 52 68
42x49: 38 30 33 41 45 36
49x43: 45 40 37 30 33 39
37x42: 42 48 43 31 39 35
45x38: 31 26 35 31 29 27
45x50: 36 33 37 54 41 39
43x48: 27 38 33 38 55 32
36x41: 50 36 39 33 38 29
41x41: 36 28 31 18 35 21
36x49: 36 34 25 33 32 31
44x43: 33 28 28 46 35 25
50x39: 52 51 55 40 47 57
39x41: 32 28 35 23 25 25
49x38: 44 44 49 50 44 58
37x45: 48 46 39 32 41 53
35x42: 25 31 29 19 23 27
44x47: 54 57 53 58 47 47
45x44: 26 35 38 32 36 42
39x39: 32 27 33 29 20 28
41x37: 39 44 34 32 45 41
49x42: 63 44 51 72 40 42
43x42: 38 36 25 30 32 35
35x39: 21 24 25 26 26 21
44x50: 55 53 57 67 48 58
36x38: 17 28 24 14 29 32
47x35: 32 23 23 36 31 20
45x35: 31 22 29 34 23 25
39x35: 35 37 35 30 34 41
43x44: 56 51 50 42 45 46
44x42: 57 46 46 46 41 48
50x46: 56 58 69 58 51 62
48x35: 31 29 32 35 21 28
38x45: 44 38 46 45 47 44
36x41: 35 31 33 44 47 39
40x46: 40 32 26 33 30 33
48x44: 58 53 43 54 57 63
37x41: 26 31 23 25 26 24
35x49: 44 49 44 47 40 38
46x38: 26 32 29 31 36 25
43x35: 25 27 23 22 29 27
40x49: 50 54 48 54 49 45
46x40: 26 37 39 34 26 33
36x43: 25 35 26 24 31 27
41x45: 39 33 29 37 24 32
43x46: 26 32 39 36 24 52
37x43: 33 28 25 27 22 33
37x46: 33 44 42 50 46 49
37x50: 44 48 43 52 49 50
46x40: 33 34 27 33 33 35
43x46: 47 40 52 59 54 54
50x37: 35 41 46 59 49 58
43x36: 26 26 33 20 25 37
40x48: 56 49 44 51 48 47
35x44: 36 33 32 41 54 45
40x49: 50 59 50 45 48 49
42x38: 36 27 28 32 23 21
42x43: 47 46 55 42 44 43
50x44: 32 41 40 30 37 43
49x36: 32 35 26 28 37 34
44x36: 29 33 22 23 36 25
49x44: 33 40 51 44 27 28
38x47: 45 47 43 51 46 42
45x48: 37 34 37 35 56 40
35x39: 34 39 40 32 36 27
49x37: 30 26 37 38 30 31
37x36: 31 36 36 37 33 31
43x36: 52 31 37 41 38 39
41x41: 24 26 35 17 34 32
37x46: 47 49 48 33 41 44
40x37: 29 29 34 22 21 20
47x37: 49 44 45 45 45 38
40x50: 59 51 46 46 47 61
37x41: 24 30 22 28 24 28
38x41: 56 34 37 38 36 38
49x50: 47 43 38 40 48 40
46x47: 59 62 53 47 48 66
38x48: 54 40 45 45 57 39
50x46: 34 37 30 46 53 39
37x49: 42 25 26 39 33 27
39x48: 53 45 46 49 54 40
43x50: 45 67 50 60 49 61
35x41: 25 26 14 33 23 22
38x38: 29 20 29 18 24 24
36x48: 39 25 35 28 36 29
46x49: 66 55 55 59 62 48
49x42: 46 48 28 26 42 33
43x44: 48 51 41 57 36 60
41x50: 55 53 55 49 48 56
39x38: 25 21 29 28 20 32
36x41: 21 37 18 22 32 25
45x39: 51 49 38 39 47 47
49x38: 38 47 64 48 40 49
41x47: 29 27 39 38 33 28
39x35: 30 28 43 30 44 37
38x42: 21 39 27 21 32 28
48x45: 64 45 60 53 58 52
36x46: 33 40 44 49 46 44
37x38: 36 33 44 22 42 42
50x41: 36 26 35 29 41 41
48x36: 45 57 37 48 36 41
50x38: 42 36 51 56 47 65
40x42: 52 40 42 44 37 43
50x44: 39 46 32 33 34 39
43x38: 41 40 47 38 40 47
43x45: 51 61 36 48 54 48
41x39: 34 21 28 32 33 20
46x43: 47 48 51 55 59 44
47x50: 35 45 49 46 32 33
48x41: 57 34 61 52 51 47
39x40: 39 39 38 44 42 38
36x43: 25 32 38 25 28 20
45x38: 39 53 41 41 43 47
44x46: 44 36 54 54 69 59
46x48: 42 41 37 26 44 50
35x44: 42 40 35 35 37 51
45x47: 58 48 51 57 44 71
36x44: 37 48 36 36 53 34
43x44: 36 38 29 26 30 37
50x45: 60 62 61 60 50 50
43x35: 32 28 17 25 18 33
42x41: 49 40 38 48 43 48
35x39: 33 44 36 31 29 37
40x47: 59 45 53 41 50 39
44x50: 38 41 42 24 31 47
46x35: 29 23 30 22 27 33
48x39: 35 34 28 38 37 35
39x37: 39 36 37 38 31 42
36x49: 27 33 33 36 22 40
45x47: 39 42 33 33 37 41
50x37: 24 24 43 35 42 24
38x43: 36 47 39 41 44 46
39x37: 35 40 37 33 44 33
42x35: 31 27 26 19 22 29
41x45: 29 32 35 38 28 32
37x46: 41 47 32 51 48 44
46x40: 22 34 30 38 39 32
40x47: 37 51 56 50 43 53
40x43: 40 22 32 23 34 30
36x49: 44 48 44 44 45 47
41x39: 24 24 31 33 33 24
47x42: 37 38 31 34 35 34
38x48: 49 46 49 46 47 43
44x35: 24 30 20 24 29 26
41x46: 30 32 37 36 35 24
48x41: 58 59 36 49 65 33
47x47: 27 36 45 35 41 40
44x41: 32 26 32 26 28 37
42x42: 43 47 58 46 37 37
39x46: 34 35 28 34 32 32
35x40: 25 21 26 18 26 26
44x49: 40 47 33 40 28 36
41x35: 33 42 32 41 36 37
45x44: 40 39 36 29 36 29
49x46: 48 39 40 34 39 39
49x43: 26 43 29 42 32 51
44x36: 27 30 31 26 24 30
35x43: 31 38 34 45 42 44
49x46: 61 40 64 63 61 59
42x38: 21 30 32 24 27 34
43x44: 26 33 33 36 33 35
35x45: 42 42 40 41 41 35
38x39: 34 33 45 38 38 41
37x38: 17 20 32 28 31 16
41x42: 43 40 44 41 49 51
40x44: 46 42 45 42 43 56
50x35: 22 29 29 35 26 35
47x42: 47 60 40 53 50 55
43x40: 57 39 46 37 39 47
40x41: 35 17 37 25 27 27
43x40: 29 37 26 32 26 32
47x35: 49 35 44 46 43 34
48x42: 41 42 36 33 32 39
37x48: 59 37 41 43 47 47
49x46: 60 59 64 50 56 58
48x36: 41 44 46 44 50 41
45x49: 67 48 57 49 60 60
39x49: 35 31 41 34 33 33
39x38: 46 34 39 39 38 30
35x42: 21 28 23 25 29 28
47x41: 29 34 36 32 32 32
39x44: 37 46 48 42 48 44
43x46: 38 32 31 40 31 37
45x50: 51 68 71 55 52 45
44x49: 47 57 39 71 64 55
49x42: 38 35 48 41 29 33
48x41: 39 39 34 29 34 32
40x45: 30 31 32 26 36 40
41x39: 30 36 29 31 19 23
41x38: 25 23 30 30 22 25
47x37: 27 29 30 31 34 29
39x42: 24 30 27 33 35 32
35x50: 40 41 49 48 42 51
43x43: 27 35 33 33 31 36
40x37: 25 30 19 28 29 24
41x42: 41 47 40 52 45 39
39x49: 37 30 30 41 35 34
50x48: 42 40 45 37 52 39
38x47: 30 30 25 30 36 28
37x38: 26 43 40 32 41 35
46x35: 39 43 45 47 34 38
41x45: 28 33 42 28 31 33
36x39: 36 29 34 43 36 39
37x38: 39 41 33 37 34 31
39x45: 27 37 32 28 41 30
36x43: 25 32 29 28 26 28
46x42: 28 32 39 32 44 34
42x39: 42 35 40 54 43 37
45x35: 25 22 34 28 27 29
40x40: 42 38 39 42 51 34
39x42: 22 37 28 30 29 35
39x40: 33 29 51 33 55 42
45x37: 29 31 25 32 38 25
43x38: 32 32 25 29 23 27
35x35: 33 28 34 31 29 34
46x46: 35 34 34 36 41 45
49x37: 54 49 39 44 47 46
42x41: 28 37 27 30 29 30
42x44: 53 51 49 45 44 40
37x47: 22 23 25 47 27 36
35x38: 17 24 22 23 25 21
50x41: 50 42 61 52 56 56
47x40: 55 50 39 46 51 49
36x36: 31 22 16 24 25 25
39x50: 60 52 43 54 43 46
45x48: 34 52 37 44 37 35
35x45: 21 30 27 24 33 30
45x38: 53 46 31 38 52 45
40x44: 19 33 42 29 33 26
39x45: 40 45 45 51 36 55
37x48: 36 37 41 33 15 29
45x43: 54 50 50 46 47 51
41x50: 26 31 43 38 36 34
42x49: 27 38 39 32 32 55
46x40: 43 28 30 28 32 33
43x48: 47 39 52 74 57 48
37x41: 21 31 27 22 27 27
45x35: 28 29 29 28 25 26
38x37: 21 18 26 19 31 28
35x35: 28 29 30 40 24 39
47x42: 42 30 36 32 34 36
49x37: 30 39 35 33 28 27
42x49: 43 35 34 35 29 48
41x40: 29 21 26 30 36 27
36x42: 34 39 35 44 36 47
45x44: 43 31 36 31 28 40
42x45: 42 28 40 43 24 33
44x46: 38 32 33 41 31 35
50x44: 33 39 29 35 46 41
41x42: 40 26 35 29 27 25
48x40: 58 39 37 63 53 45
46x46: 51 51 60 53 48 65
48x47: 64 44 53 59 73 56
35x46: 36 28 32 27 16 25
41x50: 60 47 51 58 50 48
40x49: 29 40 37 42 29 30
38x50: 38 57 50 56 40 51
36x46: 29 35 26 27 35 28
37x41: 32 36 43 46 44 31
47x43: 53 52 44 51 59 54
39x47: 33 32 32 23 44 31
44x48: 33 29 46 40 37 39
41x40: 34 54 42 47 29 46
43x48: 35 32 44 42 43 28
47x35: 33 29 26 27 29 20
39x43: 27 27 39 26 28 35
45x41: 48 51 47 41 52 45
38x35: 42 31 39 33 28 30
48x35: 43 46 40 43 43 44
48x44: 70 53 44 52 56 49
49x36: 35 28 33 29 36 31
35x38: 34 35 36 35 23 43
43x47: 55 55 49 49 47 57
37x45: 24 36 21 34 30 34
43x37: 25 26 35 30 28 24
40x45: 39 34 23 28 40 30
49x45: 43 37 50 33 30 47
47x36: 27 28 39 28 31 26
48x50: 34 36 53 37 49 47
45x49: 37 34 31 38 46 54
45x48: 66 52 56 51 53 54
48x38: 35 36 28 38 26 29
43x47: 47 43 35 35 15 35
36x35: 25 18 28 17 26 17
48x39: 29 31 29 49 32 37
35x47: 43 42 34 36 51 51
46x37: 40 53 43 39 44 43
45x36: 34 42 50 33 53 38
42x37: 44 34 46 33 41 42
39x40: 40 38 35 42 37 51
50x35: 46 32 49 58 41 42
47x42: 54 54 53 43 52 47
38x38: 37 36 34 42 44 28
42x45: 35 34 36 37 37 31
48x44: 37 38 43 32 37 36
37x43: 21 25 34 31 27 29
39x48: 59 40 40 43 65 42
39x38: 26 28 27 24 24 26
48x36: 45 53 42 43 45 36
50x47: 60 66 55 62 56 63
43x50: 38 35 42 35 31 43
44x38: 32 30 32 25 23 26
44x44: 41 44 54 58 45 58
41x50: 38 55 60 49 54 63
43x35: 28 23 21 24 27 31
41x47: 38 30 33 33 34 26
43x37: 46 35 42 39 45 38
48x39: 34 40 40 28 31 34
36x47: 32 29 33 30 28 27
36x48: 42 46 34 51 48 46
38x36: 33 33 37 42 30 35
37x36: 40 24 34 39 36 32
45x45: 61 57 45 62 37 46
39x46: 24 40 41 28 26 36
37x46: 27 30 32 30 24 37
36x39: 29 26 23 25 28 24
46x48: 34 43 45 44 42 32
36x45: 37 29 34 28 27 24
47x50: 45 45 36 40 45 28
48x48: 48 35 38 31 49 54
37x42: 22 34 23 34 25 29
38x47: 24 27 30 30 33 36
40x40: 26 25 16 32 36 34
39x38: 20 32 17 24 31 31
35x43: 29 28 33 24 19 21
50x50: 40 44 49 40 42 41
47x37: 49 43 45 44 40 47
37x44: 31 33 33 20 27 24
44x39: 47 53 36 40 47 41
41x43: 41 28 24 35 28 26
43x37: 29 27 18 35 29 29
35x48: 45 46 48 40 39 39
36x45: 28 29 31 29 35 27
42x50: 57 49 58 57 56 44
48x45: 48 49 49 65 56 70
35x37: 23 16 23 23 16 31
49x50: 63 67 69 58 53 67
41x39: 25 25 20 39 26 34
40x43: 41 23 28 36 25 28
38x40: 21 34 23 24 33 21
46x42: 32 37 35 39 39 27
43x41: 35 31 28 31 30 27
36x50: 50 47 42 38 53 49
39x50: 27 37 38 33 34 39
36x44: 27 44 54 39 44 35
42x44: 55 45 44 41 56 44
48x44: 59 55 60 57 48 42
41x49: 49 53 49 47 55 59
42x49: 50 54 60 57 48 45
36x41: 39 41 30 42 39 36
48x49: 55 70 58 59 56 65
36x35: 23 19 25 23 18 24
44x38: 28 22 28 29 30 30
40x48: 44 32 30 36 32 34
43x40: 36 18 37 27 35 28
43x41: 40 42 48 39 56 49
46x46: 39 36 31 33 36 50
46x45: 34 29 41 39 32 49
40x44: 49 53 39 42 42 46
45x49: 34 38 39 34 48 46
41x49: 41 32 42 38 28 26
39x39: 21 25 32 30 33 27
45x35: 40 46 38 39 47 31
40x45: 31 30 43 30 33 27
44x42: 50 53 44 46 50 40
42x49: 50 51 46 61 60 49
39x48: 52 44 44 46 51 53
44x35: 35 25 18 33 20 23
40x38: 25 23 28 23 32 24
49x38: 46 48 50 56 45 39
49x39: 40 27 33 33 43 31
44x43: 37 31 34 27 39 27
47x42: 30 35 47 33 24 40
38x38: 18 33 23 25 24 21
37x42: 22 24 28 28 31 35
39x50: 52 49 53 44 41 64
42x50: 54 40 58 54 60 60
38x46: 30 35 33 29 26 27
43x43: 37 40 28 28 32 30
47x45: 60 51 51 56 47 62
41x46: 44 48 56 34 58 53
43x47: 44 65 53 58 43 45
49x38: 43 26 33 31 25 33
42x36: 22 29 27 33 25 32
47x49: 36 46 41 41 42 34
45x46: 37 31 45 39 39 34
50x43: 41 38 34 43 28 40
39x35: 14 27 20 26 24 31
41x37: 44 40 32 35 47 36
38x50: 40 23 39 23 35 31
37x37: 21 19 28 24 25 26
38x35: 32 39 36 29 30 40
49x38: 31 35 17 38 32 38
41x43: 40 51 46 43 44 48
40x44: 46 45 47 42 47 44
48x36: 33 36 36 25 35 27
36x37: 24 27 21 21 15 36
41x38: 24 28 23 28 30 23
41x38: 47 37 44 37 40 33
35x49: 30 30 28 36 26 25
35x38: 38 32 39 25 35 37
43x37: 47 36 38 46 38 39
47x39: 31 30 42 32 31 29
36x48: 33 49 48 45 46 46
50x36: 33 33 26 34 31 35
41x44: 37 47 52 46 52 44
38x41: 28 28 27 19 22 32
47x46: 59 57 49 56 57 55
47x48: 39 32 38 51 38 41
39x35: 24 22 22 27 24 24
47x42: 40 51 66 53 46 46
43x47: 58 46 56 51 47 53
41x49: 54 54 43 53 53 53
35x39: 21 27 24 18 31 22
45x38: 33 28 26 27 31 35
40x46: 45 46 46 46 57 44
35x50: 49 57 54 38 36 30
