12811750
12451632
12298126
340529
14279190
9086648
5785269
11561323
12464375
16563065
10091878
15980611
15146144
7773138
6716022
11960252
14894717
16731030
13593969
13542020
10006853
8901365
15019926
4423550
6030385
3809649
8217807
13875092
619042
11946301
5315820
12147552
1075664
5634645
578801
9838180
12064147
14804835
7398246
12428290
4200701
13472289
2546934
9978842
10344580
8313716
10458081
7820499
11621018
11840958
9760748
9975218
7899611
14276619
4336056
8875251
7572670
8157141
6968959
12236150
3086293
8222419
8766544
13457289
14805970
2825250
11124235
15946697
3110835
15172971
5698889
8162487
11804925
12005203
739973
16450004
14217099
1064287
4125863
14576033
16635768
5030634
9065544
1438770
13003173
938338
15988637
7340956
14414310
11666938
14523956
11620359
5867573
14898038
3818046
7843856
2318412
9831744
8217634
12642481
6860758
9847082
10213331
8986657
12275395
2326134
8529187
1397186
16527007
9436319
13560074
10044566
11785350
1821777
7569553
13022883
16713002
1516154
3885754
5551141
11215469
13677076
7856220
1918627
8300147
7472755
8215431
9700247
6518658
4669227
7339688
8688059
10633950
10398129
12896781
9266404
6674868
4859048
15505438
13758430
12706383
9385875
15575260
5765061
4765795
10659886
577531
13040148
372894
8126242
9447675
16088017
15087040
4251915
10022493
3160632
14839638
5241029
5320498
15632807
908212
13770266
8860852
12813211
8322827
16036215
1033171
12721731
6748264
8598578
5998580
15131743
1991218
3665436
11868229
5445873
4572665
4064943
9216865
1887441
5733058
14582566
14059771
6771202
11262090
9034977
9988753
12445589
7738263
833086
8429106
16131517
6559038
1771756
3064960
3615462
4818389
16189703
891151
14267557
4959305
16385517
8203608
4253884
3308090
165317
2594421
13676437
15742874
13796576
16048060
6557995
8840637
6393849
9550913
9587658
9516887
12181794
9968192
16742321
8220734
14406832
12271910
11726936
15641775
16000789
4888805
9026014
11137991
11616167
10644210
13390887
2853675
5716147
8642088
11756290
14004762
2544628
1104488
3348725
9773082
2141590
1137313
5772873
5193207
6746209
12035963
15627634
13264686
15387984
8840608
13297149
1434875
14475551
6482965
8664577
12815079
11367560
10177748
4033601
5285473
12429833
13985590
803107
6194924
13162184
6620270
6813463
2978457
4828692
14933406
16572963
15206895
385119
3683518
10454771
14847740
3686947
10799291
13918729
9522220
8289613
13206986
12680362
16484485
13325029
9420838
2419802
2922295
13188006
14949589
1204498
335853
4722417
16176469
9921215
11842320
1155400
607061
6991372
13109492
14942142
1365205
7903253
1791047
6757991
1122901
8236633
15808077
16524721
10357683
16019697
4718112
8374217
1171646
16148218
3652342
12420328
14142305
7314731
3380085
10351908
6112900
9398885
11667807
10623465
10973640
8455035
11339865
14844304
14731821
16757605
15108151
15623913
5650124
4165031
16469546
1752427
13541816
13374183
13767750
10138580
7564272
8112486
14789416
12264108
13636442
8935817
16520740
5878971
4666982
7391083
9582112
3313152
15193610
2175790
14897711
431076
3282752
4638646
2893414
4792496
7263586
2730089
3836058
4216342
7459064
6592429
13569940
5898402
8921030
13985546
6839029
15087961
11953432
5377041
1243210
16510340
15214933
11096217
8174592
395221
917552
3323469
8225399
15471462
10346904
4086536
2715192
14705139
12629477
10213953
3412816
6333646
2317688
13864297
12502239
3128440
16575044
9813758
3412111
5216168
395878
8048640
3406582
12400828
1126691
572045
11198488
16343536
15827777
11101280
15532786
10000052
7489481
13880909
13590167
9684124
1192681
3549189
15774097
5261802
15833232
1658600
2357570
1414301
3666954
5456147
3118506
16004132
9991114
12839037
11632208
2360171
10932482
3310243
1551954
7516630
2610331
14898426
13700928
7350795
11856512
6927187
7700529
687629
7742476
6967355
1927060
1215219
15228601
257658
6146664
2653455
3667977
4504319
15524378
3924157
15257283
7837110
7752414
4503100
1722258
13726507
7360085
2023704
13619973
6075955
4956503
2076548
10877139
9776514
6602547
15047900
4870981
13132401
5926949
9631226
11536731
1610313
1967004
9230256
4082241
12340937
7756003
2549957
10017855
9438187
14053633
10621746
10289244
15531155
12870397
10540314
3962190
12897323
8327039
5511942
5717080
7204136
375158
5053275
14193704
782825
2821819
10854587
6376590
8958864
752831
14511904
15121765
16297745
307723
4974582
4202164
1657133
6202616
12143931
5327754
11494322
3316232
9086153
7004055
4704041
11247742
16153724
4431121
16775381
5011757
6160289
8376281
6919157
4880929
8312654
6447162
15854363
4184217
5780420
3612193
2240937
7594453
10728929
14670037
5155499
2922891
14773942
10988222
8529800
15692360
15211027
12240865
14197639
10311622
1079429
9804859
3997310
13368622
15415218
1529875
136896
11778140
10567256
368604
3536348
8095650
1514841
8920615
5960370
4458526
13867583
11244676
1045284
2748288
5184389
15193882
6688175
11424817
3318937
7483898
4865326
5173760
13963537
2300442
6982736
4546289
16350478
7143952
10670190
9993096
7077319
5746534
1954252
3635903
10734217
10532006
4360117
837629
1385780
10463436
16195206
13265870
10236686
883456
1241636
14477943
1549671
9876506
14022216
5634454
11648490
6138483
6651055
14930608
6205128
14838566
7441722
10407933
8680475
1206747
10064631
10737174
16155567
15638709
13488175
13285340
15311978
11051238
493758
15278535
3805175
840955
9708091
9307635
8581655
16368535
14973650
11291242
1983008
4724725
7774011
7366388
8832646
12085278
4711335
5860906
5986627
6990665
10262593
3204789
8708060
11130973
6839680
527559
2954357
10006784
16520322
13908009
15108089
2753589
13760867
1825029
203212
5709755
1992391
14342976
16744626
417028
15183787
11884128
328884
13635770
10050808
705861
15000519
16135766
5028999
15734108
16209076
9127771
996539
13346778
9180780
8145736
9713710
5361743
782176
14519640
13587916
12180009
7700964
1112975
7661580
494086
16650647
15018627
14473220
13254506
11863059
6796978
4269001
8920850
8414652
15555114
1446048
16731481
4652141
9166681
3847778
14842413
11435550
11414528
9684965
14191803
7109428
7353409
11329830
9358211
7941160
1423772
8605072
10261891
6253178
14516179
3609578
15843904
857765
12911988
5531702
11509699
9996728
7336640
15436596
14604102
7244439
15217520
8982808
8145401
14730892
9576897
5755577
2045787
5819392
5969639
12915569
1387734
11394657
8200668
4859873
14404274
8529180
13520177
12778452
11549734
7554705
6468152
11265472
3290925
14851156
935832
3688862
5295067
5511636
1230323
5144872
3312173
14520976
16040667
7113231
4872188
16333690
12260357
9840965
16610898
14718214
9844227
8907280
5694833
7602759
8361620
12377716
1032453
13854542
4701633
909620
11925851
10849911
16520911
14335667
8428325
9221062
6223133
1826305
5815317
4943803
2164155
11166820
9318333
10480140
13371297
6312206
9626730
7827896
587248
5538247
7582477
1547439
10556620
7608830
14319413
4736725
16125385
155869
15248343
16263363
4634618
9514728
1478380
12540635
15449344
3513618
1577020
2923396
16397201
3628084
9557575
13850702
11461674
1984888
5054223
13345720
16406932
4665471
7989393
4775136
13070369
3130322
1809903
1304060
8968052
10718605
8835533
5864186
3026622
5485133
6771733
13517978
16647747
2223314
1658935
1734589
2381310
14948133
15153436
11113777
15977500
14166955
6074455
1619559
2218481
8454924
1040057
13096885
7239393
10528961
1434664
1569677
6701444
7355541
12983201
12930076
1360937
6594997
11494783
10802196
4795794
602233
9629078
12172607
6718846
10163597
13032271
14900562
2636109
16100344
9562083
12321075
16087999
16250370
14962901
2370884
5979741
13385778
9589548
4917439
11804620
11413292
5051748
12991310
8018639
9026219
16278251
1761559
8919629
5026459
15078092
9243488
12737086
1432800
7574650
1623181
8529856
6334580
15110164
8261370
7886646
13527590
8612603
13221984
2560398
7433869
10546583
10711288
10653008
6865068
13781773
14126944
8077420
13939489
1634074
4242061
10905600
2981859
13580437
3740284
13121463
3661344
4366342
5939549
13426063
13319196
8693894
7031299
3343632
5026224
9946454
5693475
137544
8055973
13400062
2939818
10509038
6148062
8923221
13581518
10902339
15900476
16607638
4393750
12757094
13373718
10276055
774266
12306389
7407887
14502205
6788107
5114856
10943598
10968307
3032896
1942565
5163818
4589180
13045485
15825442
11749447
1293287
14425917
1257682
5418390
2602121
4944330
777678
1970006
9423174
16707517
2946874
176623
12152557
10475908
5197995
940961
11461887
3371771
11071820
9612238
8102199
528479
7592269
708225
10075235
14446173
10254186
3541690
5578622
16334990
1332496
15106595
872386
16492192
6574942
7450378
10870045
1829611
12673254
8177327
15202236
7392978
15317704
5111913
3661442
4428697
13184817
594565
3307750
16437910
11552540
13044313
213609
2924449
10896503
6513331
388047
4128147
9258134
15474806
10415714
15505485
15732766
12279329
3499804
10965881
10609967
8813013
10652154
7631450
2048498
8508297
8122559
11791768
788484
14569520
10224491
2986176
2660530
10395580
14172909
14705758
6969650
10771791
8181797
5571629
14791002
14462795
9201909
6171830
9081250
4591188
2083604
13304292
10230378
9872413
5971851
15426233
16748989
7565908
5280251
13022767
5609964
6204661
2767785
5291146
13956491
10929914
3822272
8286220
12529767
6640261
13378209
6509019
824368
10261379
4688133
12430657
1109640
12411656
14325107
2328065
16392267
12222429
11279345
6145928
8597173
8436476
11450647
1684479
5886512
4621120
8719219
11463929
7221068
552705
4807875
605562
305272
1155831
1453048
6661983
10184130
2412657
11339473
2182908
8085218
1263553
2090699
13860776
12070507
4123563
7555171
14683514
6864649
15609210
6219039
2573335
9287700
12285114
11026272
7139971
5530074
401008
3533575
14754156
13907519
15768645
15205857
5627392
4086879
526622
4388675
530590
8749102
2423913
7869874
12441087
11183553
8293539
2620470
4154471
9653894
13349508
8281594
5672550
4343822
14276036
16594414
12393284
3622068
6344822
716979
13935620
1351864
13669297
1917066
16368649
319208
7443820
5358844
9172965
4331856
15657336
9282023
15117524
4929734
12276675
13374193
1821022
12309613
2985560
5863654
957803
7105705
2920192
2245919
9899693
8703554
3329224
619571
14809024
1836689
8237692
8938282
3743154
15786987
14335367
1708508
10781390
12956056
4441799
4665553
2946960
3217355
1833327
16218267
5109094
12116503
10600775
1442778
5274555
7224612
920176
15268656
8314925
14797365
159537
13536008
6711374
13760575
8462685
12813728
13750125
8741427
4166228
9594820
13393693
12432433
11600896
12178370
10512098
9681166
11832271
9212795
14755952
8901311
2737175
8740839
2478907
13966805
8906302
921962
16719310
5434951
1678760
2062337
14890602
8518997
4142688
1860828
7932100
7047497
7886952
14997285
5614978
7244653
9969355
12102533
16569117
785001
6141310
8093894
2635838
8813231
16107707
2888462
11478889
4376455
14798968
14051962
14427111
13246622
7723389
2861170
7443020
5174735
13494201
1360054
2401476
11759672
16044433
9582408
2872951
9705552
15842859
4670026
918205
8007702
15980545
3741330
6092481
16718343
14398851
3493391
2893658
6798532
1128963
16013367
13040448
10544102
646626
2018699
12678362
1147824
7167089
6936495
16099287
14750411
4359457
15869688
5871477
667216
1147414
859163
1981477
15004904
3100049
3002506
8289162
7090371
7118707
2353482
2156091
3668371
6848891
3800640
15973596
5708469
16415221
13415124
9556744
2138625
10040880
14168880
5815435
5219499
13665836
15920105
2341100
12047581
4316912
1851035
988407
6225803
7233048
484841
4348497
277063
12332411
10640561
5790772
9725834
16596492
11310945
11456458
2357544
1608588
11063892
10161982
9070407
6470713
3128464
6253197
1102428
464408
14969537
3217826
7836487
1238129
3164685
5091783
338356
1036435
12238199
9746099
5820819
14878500
8069536
13917866
3936320
10601481
6230582
7758605
12025016
5169192
1597699
12143783
8181483
5434207
7411830
14564993
11001047
8732513
7829893
4723904
6165465
14887801
6387500
12097575
9866515
2101950
11241287
14515289
2250891
3220385
5863747
16541611
12021510
10720948
12162599
12845436
9574974
3301353
12634776
2437277
15518092
7047082
12560873
6201329
3965320
10183916
8280291
14300629
3611540
12678260
7206607
12086305
16644525
9251236
14547801
9370795
14812977
2017113
7192357
15454764
224162
13820327
13599606
2681126
689332
9027775
12763641
207131
11670595
1734561
6113467
1783243
16271610
1471489
13438584
14408602
9951412
3130697
10625217
1553219
11007422
4447357
9398061
3123504
8970084
3830696
6751358
13211000
8341012
14898782
2107308
10908755
14878652
4619254
3891999
7740765
3011803
13249604
10606274
4502347
4890082
2457309
9720387
12003340
10196577
1015863
16725724
5565265
9526174
16094577
10906366
7705950
8391136
5544976
10141088
10198742
7432918
842910
13513346
12915128
8094517
12102345
10543988
575830
13349273
379241
5336257
9705512
3569764
9109972
4829946
11691187
5190457
3363257
13018861
16382861
6224455
15365885
2254884
1344881
8701303
5317397
1287978
8351470
928526
14075103
14403072
16342223
7781417
9534970
14499412
15097510
9019608
14333313
7934412
6021403
5472628
14539319
11876401
15070630
2330140
14200864
7362946
196162
11162611
14890511
9426419
12018528
5735706
15424691
9884513
15532521
4626403
3202918
2317911
9134230
4364062
6640957
12303259
9402393
11684809
3974093
12836426
14781109
15625155
4936294
10820812
974551
3228799
11248061
11875441
1013486
15841265
9299588
15755072
7960736
13817916
8090304
9695583
8902566
6502373
5943165
9609916
2430763
4625279
922591
7239149
4470920
2292455
9235889
875989
5831007
13923940
4968220
6490236
16232130
3042039
5808990
5260662
4770035
1576029
1930826
16210314
943286
9307697
9422227
2721464
6841751
13202373
7634179
6561643
16327103
6175508
15244612
6866072
5864727
4202069
3009812
12718222
579630
4932731
12401791
10060478
2486631
571114
11456036
14848800
11984184
14957941
7987549
14708181
14335745
5647519
1730282
10483821
8828933
913602
16598437
13951405
8812416
222906
5159856
15403488
8285810
13640488
10366922
8484011
1078758
15571037
12573564
11144432
11263955
1327972
5316405
8071088
14594937
16420483
6089385
2372325
11605830
7243250
14918516
16064785
16094623
12756546
3958579
6138059
10258649
13794913
12505952
16289978
12791472
11885760
909451
16132973
9365019
9978744
12283572
7439129
3816730
5217781
5392961
2761397
1482835
13047519
3963443
10747885
8435152
10361490
10038852
7264080
12011521
11560085
6986717
11852177
2873449
7471399
14176528
15684848
15385302
506332
15934021
3999981
175330
1931763
15521681
4389636
9816791
528109
3372947
11360660
5463140
15153250
1092612
2661708
3429063
8022555
15124030
3703096
3414019
16341161
12237993
746779
869782
11370165
2083589
492823
4141539
11375506
2407569
10314660
2203634
14644558
13645117
5212007
4042406
1283551
13716549
10548537
1121454
16549562
1674229
6602355
8906389
10091591
6675889
1029323
13932077
15761008
11097096
1863285
2281332
12392588
14435323
1298057
1431671
4756628
4139164
2836185
4733285
12728231
14855599
1376257
11528480
5397341
6004004
13531891
10660552
10658942
14533882
11633563
7193538
8238878
10622315
16012753
6985862
8197668
7200583
1475786
14431001
2818975
6702522
5038143
7502264
15375402
623377
2722251
641152
12690714
14402204
3438495
10069767
749282
4003874
4357972
2489598
9064053
9235799
2943910
1251266
16534833
13587487
10797585
3031163
3621401
2400156
9035947
11722762
4342995
11920038
12624192
5317980
16236045
13844100
7654283
15586567
3597720
5629383
7365973
1896492
7774097
13914711
14672861
16510349
12972949
1325348
10216694
9542783
13440513
5989947
1040505
9164580
5615553
8642445
9708085
12116398
8976432
9816140
5388789
9488594
10469887
14397527
1263968
13036468
3996414
15124520
4392509
14343843
8565520
8206148
6339137
11031995
4825956
8734597
5654483
11680339
4241511
8374082
5669931
10059158
